A

0111110
1000001
1000001
1111111
1000001
1000001
1000001

B

1111110
1000001
1000001
1111110
1000001
1000001
1111110

C

0111111
1000000
1000000
1000000
1000000
1000000
0111111

D

1111110
1000001
1000001
1000001
1000001
1000001
1111110

E

1111111
1000000
1000000
1111111
1000000
1000000
1111111

F

1111111
1000000
1000000
1111111
1000000
1000000
1000000

G

0111111
1000000
1000000
1001111
1000001
1000001
0111110

H

1000001
1000001
1000001
1111111
1000001
1000001
1000001

I

0011100
0001000
0001000
0001000
0001000
0001000
0011100

J

0000111
0000010
0000010
0000010
0000010
0100010
0011100

K

1000001
1000010
1000100
1111000
1000100
1000010
1000001

L

1000000
1000000
1000000
1000000
1000000
1000000
1111111

M

1000001
1100011
1010101
1001001
1001001
1001001
1000001

N

1000001
1100001
1010001
1001001
1000101
1000011
1000001

O

0111110
1000001
1000001
1000001
1000001
1000001
0111110

P

1111110
1000001
1000001
1111110
1000000
1000000
1000000

Q

0111110
1000001
1000001
1000001
1000010
1000110
1111001

R

1111110
1000001
1000001
1111110
1000100
1000010
1000001

S

0111111
1000000
1000000
0111110
0000001
0000001
1111110

T

1111111
0001000
0001000
0001000
0001000
0001000
0001000

U

1000001
1000001
1000001
1000001
1000001
1000001
0111110

V

1000001
1000001
1000001
1000001
0100010
0010100
0001000

W

1001001
1001001
1001001
1001001
1010101
1100011
1000001

X

1000001
0100010
0010100
0001000
0010100
0100010
1000001

Y

1000001
0100010
0010100
0001000
0001000
0001000
0001000

Z

1111111
0000010
0000100
0001000
0010000
0100000
1111111

.

0000000
0000000
0000000
0000000
0000000
1100000
1100000

!

0001000
0001000
0001000
0001000
0001000
0000000
0001000

?

0111110
1000001
0000001
0000010
0001100
0000000
0001000

,

0000000
0000000
0000000
0000000
0000000
0100000
1000000

(

0001000
0010000
0100000
0100000
0100000
0010000
0001000

)

0001000
0000100
0000010
0000010
0000010
0000100
0001000

|

0000000
0000000
0000000
0000000
0000000
0000000
0000000

'

0001000
0001000
0000000
0000000
0000000
0000000
0000000

"

0010100
0010100
0000000
0000000
0000000
0000000
0000000
